Energy_keV Counts
-0.338 0
-0.125 0
0.087 0
0.300 0
0.513 0
0.725 775
0.938 614
1.150 411
1.363 257
1.576 147
1.788 78
2.001 52
2.214 17
2.426 10
2.639 2
2.852 0
3.064 1
3.277 0
3.490 4
3.702 1
3.915 2
4.128 1
4.340 2
4.553 5
4.766 1
4.978 3
5.191 7
5.404 11
5.616 9
5.829 15
6.042 25
6.254 26
6.467 37
6.680 46
6.892 63
7.105 78
7.318 108
7.530 176
7.743 273
7.956 319
8.168 374
8.381 418
8.594 501
8.806 485
9.019 450
9.232 412
9.444 314
9.657 286
9.870 202
10.082 208
10.295 180
10.508 129
10.720 86
10.933 71
11.146 66
11.358 62
11.571 70
11.784 59
11.996 68
12.209 88
12.422 80
12.634 84
12.847 117
13.060 96
13.272 102
13.485 104
13.698 114
13.910 87
14.123 93
14.336 75
14.548 82
14.761 67
14.974 54
15.186 60
15.399 62
15.611 79
15.824 98
16.037 104
16.249 103
16.462 136
16.675 148
16.887 137
17.100 162
17.313 144
17.525 124
17.738 128
17.951 106
18.163 86
18.376 63
18.589 56
18.801 56
19.014 63
19.227 52
19.439 69
19.652 63
19.865 64
20.077 65
20.290 58
20.503 65
20.715 54
20.928 48
21.141 49
21.353 28
21.566 51
21.779 22
21.991 21
22.204 21
22.417 28
22.629 20
22.842 18
23.055 26
23.267 35
23.480 28
23.693 32
23.905 34
24.118 59
24.331 48
24.543 47
24.756 57
24.969 50
25.181 53
25.394 54
25.607 51
25.819 40
26.032 46
26.245 45
26.457 38
26.670 30
26.883 27
27.095 15
27.308 16
27.521 24
27.733 12
27.946 22
28.159 14
28.371 25
28.584 14
28.797 18
29.009 18
29.222 17
29.435 21
29.647 15
29.860 21
30.072 23
30.285 22
30.498 20
30.710 19
30.923 22
31.136 23
31.348 27
31.561 28
31.774 18
31.986 22
32.199 22
32.412 19
32.624 18
32.837 23
33.050 22
33.262 20
33.475 24
33.688 25
33.900 26
34.113 28
34.326 28
34.538 20
34.751 16
34.964 26
35.176 10
35.389 22
35.602 34
35.814 28
36.027 32
36.240 26
36.452 29
36.665 44
36.878 31
37.090 42
37.303 29
37.516 47
37.728 52
37.941 36
38.154 60
38.366 43
38.579 62
38.792 55
39.004 66
39.217 53
39.430 90
39.642 83
39.855 92
40.068 87
40.280 78
40.493 97
40.706 104
40.918 111
41.131 127
41.344 132
41.556 129
41.769 130
41.982 138
42.194 146
42.407 157
42.620 192
42.832 166
43.045 200
43.258 197
43.470 202
43.683 183
43.895 192
44.108 206
44.321 241
44.533 208
44.746 220
44.959 229
45.171 221
45.384 226
45.597 241
45.809 280
46.022 269
46.235 271
46.447 279
46.660 326
46.873 309
47.085 319
47.298 338
47.511 355
47.723 377
47.936 407
48.149 461
48.361 510
48.574 586
48.787 583
48.999 677
49.212 652
49.425 790
49.637 762
49.850 877
50.063 950
50.275 966
50.488 1075
50.701 1073
50.913 1078
51.126 1142
51.339 1135
51.551 1206
51.764 1238
51.977 1257
52.189 1262
52.402 1242
52.615 1199
52.827 1243
53.040 1270
53.253 1287
53.465 1321
53.678 1308
53.891 1377
54.103 1264
54.316 1253
54.529 1283
54.741 1213
54.954 1221
55.167 1155
55.379 1203
55.592 1160
55.805 1136
56.017 1072
56.230 1043
56.443 1017
56.655 897
56.868 939
57.081 864
57.293 792
57.506 755
57.719 796
57.931 765
58.144 729
58.356 879
58.569 1001
58.782 1165
58.994 1243
59.207 1335
59.420 1301
59.632 1191
59.845 1120
60.058 928
60.270 697
60.483 479
60.696 325
60.908 239
61.121 136
61.334 97
61.546 68
61.759 53
61.972 41
62.184 36
62.397 40
62.610 37
62.822 33
63.035 35
63.248 35
63.460 34
63.673 43
63.886 37
64.098 27
64.311 29
64.524 38
64.736 34
64.949 49
65.162 42
65.374 30
65.587 39
65.800 34
66.012 44
66.225 38
66.438 46
66.650 45
66.863 39
67.076 39
67.288 40
67.501 50
67.714 37
67.926 35
68.139 43
68.352 44
68.564 47
68.777 58
68.990 29
69.202 34
69.415 36
69.628 41
69.840 31
70.053 35
70.266 32
70.478 43
70.691 29
70.904 37
71.116 50
71.329 51
71.542 33
71.754 55
71.967 40
72.180 49
72.392 54
72.605 56
72.817 40
73.030 40
73.243 46
73.455 40
73.668 54
73.881 48
74.093 68
74.306 57
74.519 63
74.731 59
74.944 63
75.157 70
75.369 61
75.582 54
75.795 52
76.007 55
76.220 57
76.433 51
76.645 36
76.858 44
77.071 35
77.283 48
77.496 48
77.709 38
77.921 43
78.134 54
78.347 49
78.559 52
78.772 48
78.985 31
79.197 38
79.410 39
79.623 42
79.835 40
80.048 42
80.261 42
80.473 35
80.686 43
80.899 37
81.111 43
81.324 42
81.537 36
81.749 46
81.962 30
82.175 36
82.387 41
82.600 45
82.813 32
83.025 49
83.238 46
83.451 44
83.663 57
83.876 60
84.089 53
84.301 41
84.514 44
