Energy_keV Counts
-0.338 0
-0.125 0
0.087 0
0.300 0
0.513 0
0.725 824
0.938 577
1.150 424
1.363 283
1.576 163
1.788 83
2.001 49
2.214 24
2.426 7
2.639 4
2.852 1
3.064 1
3.277 2
3.490 3
3.702 5
3.915 2
4.128 4
4.340 3
4.553 6
4.766 7
4.978 8
5.191 17
5.404 11
5.616 15
5.829 24
6.042 33
6.254 46
6.467 59
6.680 68
6.892 95
7.105 137
7.318 133
7.530 135
7.743 136
7.956 146
8.168 129
8.381 95
8.594 66
8.806 91
9.019 66
9.232 70
9.444 77
9.657 58
9.870 73
10.082 83
10.295 86
10.508 63
10.720 77
10.933 73
11.146 60
11.358 71
11.571 64
11.784 65
11.996 63
12.209 77
12.422 85
12.634 98
12.847 102
13.060 111
13.272 128
13.485 128
13.698 128
13.910 116
14.123 110
14.336 104
14.548 84
14.761 85
14.974 103
15.186 95
15.399 111
15.611 162
15.824 229
16.037 363
16.249 539
16.462 685
16.675 906
16.887 1034
17.100 1212
17.313 1251
17.525 1238
17.738 1106
17.951 943
18.163 788
18.376 592
18.589 480
18.801 410
19.014 359
19.227 369
19.439 362
19.652 354
19.865 319
20.077 268
20.290 252
20.503 166
20.715 146
20.928 100
21.141 74
21.353 50
21.566 46
21.779 28
21.991 26
22.204 20
22.417 18
22.629 17
22.842 26
23.055 21
23.267 35
23.480 29
23.693 36
23.905 55
24.118 44
24.331 51
24.543 69
24.756 61
24.969 43
25.181 51
25.394 64
25.607 38
25.819 43
26.032 41
26.245 46
26.457 41
26.670 28
26.883 27
27.095 21
27.308 22
27.521 22
27.733 21
27.946 18
28.159 14
28.371 13
28.584 22
28.797 10
29.009 23
29.222 15
29.435 24
29.647 19
29.860 15
30.072 16
30.285 17
30.498 19
30.710 16
30.923 22
31.136 19
31.348 22
31.561 21
31.774 19
31.986 24
32.199 18
32.412 21
32.624 23
32.837 25
33.050 22
33.262 23
33.475 15
33.688 16
33.900 23
34.113 14
34.326 24
34.538 16
34.751 20
34.964 31
35.176 29
35.389 26
35.602 21
35.814 27
36.027 24
36.240 29
36.452 25
36.665 37
36.878 42
37.090 29
37.303 45
37.516 36
37.728 42
37.941 41
38.154 57
38.366 46
38.579 61
38.792 57
39.004 69
39.217 66
39.430 58
39.642 82
39.855 95
40.068 61
40.280 82
40.493 80
40.706 127
40.918 97
41.131 84
41.344 111
41.556 108
41.769 122
41.982 150
42.194 133
42.407 140
42.620 138
42.832 150
43.045 151
43.258 183
43.470 205
43.683 177
43.895 194
44.108 214
44.321 207
44.533 222
44.746 199
44.959 232
45.171 226
45.384 208
45.597 225
45.809 253
46.022 234
46.235 251
46.447 273
46.660 263
46.873 286
47.085 268
47.298 327
47.511 324
47.723 352
47.936 407
48.149 420
48.361 461
48.574 554
48.787 540
48.999 658
49.212 701
49.425 697
49.637 750
49.850 843
50.063 905
50.275 921
50.488 989
50.701 970
50.913 1011
51.126 1037
51.339 1064
51.551 1095
51.764 1082
51.977 1125
52.189 1109
52.402 1168
52.615 1132
52.827 1135
53.040 1163
53.253 1137
53.465 1120
53.678 1088
53.891 1141
54.103 1182
54.316 1194
54.529 1139
54.741 1153
54.954 1160
55.167 1102
55.379 992
55.592 1037
55.805 1004
56.017 999
56.230 931
56.443 938
56.655 876
56.868 832
57.081 686
57.293 774
57.506 716
57.719 643
57.931 691
58.144 759
58.356 825
58.569 870
58.782 1047
58.994 1176
59.207 1234
59.420 1270
59.632 1133
59.845 1014
60.058 828
60.270 625
60.483 443
60.696 299
60.908 212
61.121 99
61.334 77
61.546 69
61.759 43
61.972 43
62.184 32
62.397 36
62.610 33
62.822 39
63.035 36
63.248 34
63.460 36
63.673 41
63.886 43
64.098 46
64.311 27
64.524 40
64.736 29
64.949 39
65.162 32
65.374 31
65.587 28
65.800 33
66.012 35
66.225 33
66.438 40
66.650 35
66.863 38
67.076 30
67.288 43
67.501 30
67.714 42
67.926 42
68.139 41
68.352 33
68.564 35
68.777 44
68.990 41
69.202 33
69.415 45
69.628 31
69.840 53
70.053 38
70.266 38
70.478 37
70.691 34
70.904 39
71.116 34
71.329 36
71.542 45
71.754 52
71.967 57
72.180 46
72.392 38
72.605 52
72.817 47
73.030 53
73.243 40
73.455 36
73.668 49
73.881 48
74.093 78
74.306 44
74.519 58
74.731 67
74.944 66
75.157 53
75.369 47
75.582 48
75.795 46
76.007 46
76.220 36
76.433 39
76.645 46
76.858 45
77.071 24
77.283 36
77.496 46
77.709 40
77.921 36
78.134 41
78.347 38
78.559 37
78.772 34
78.985 41
79.197 23
79.410 42
79.623 33
79.835 47
80.048 39
80.261 31
80.473 42
80.686 41
80.899 42
81.111 48
81.324 39
81.537 36
81.749 29
81.962 54
82.175 27
82.387 32
82.600 28
82.813 50
83.025 44
83.238 46
83.451 42
83.663 39
83.876 41
84.089 51
84.301 36
84.514 48
