Energy_keV Counts
-0.338 0
-0.125 0
0.087 0
0.300 0
0.513 0
0.725 673
0.938 485
1.150 340
1.363 229
1.576 119
1.788 99
2.001 39
2.214 21
2.426 9
2.639 10
2.852 1
3.064 0
3.277 3
3.490 2
3.702 0
3.915 0
4.128 2
4.340 3
4.553 5
4.766 2
4.978 1
5.191 9
5.404 11
5.616 15
5.829 20
6.042 15
6.254 17
6.467 25
6.680 19
6.892 26
7.105 33
7.318 47
7.530 33
7.743 47
7.956 40
8.168 58
8.381 50
8.594 63
8.806 60
9.019 74
9.232 59
9.444 86
9.657 82
9.870 106
10.082 138
10.295 152
10.508 172
10.720 162
10.933 157
11.146 166
11.358 139
11.571 153
11.784 147
11.996 163
12.209 196
12.422 192
12.634 196
12.847 208
13.060 201
13.272 183
13.485 175
13.698 125
13.910 130
14.123 136
14.336 114
14.548 99
14.761 96
14.974 92
15.186 84
15.399 113
15.611 84
15.824 94
16.037 89
16.249 114
16.462 146
16.675 162
16.887 148
17.100 159
17.313 154
17.525 124
17.738 133
17.951 132
18.163 101
18.376 96
18.589 75
18.801 72
19.014 53
19.227 56
19.439 63
19.652 70
19.865 49
20.077 58
20.290 71
20.503 60
20.715 57
20.928 53
21.141 49
21.353 46
21.566 39
21.779 37
21.991 33
22.204 30
22.417 23
22.629 23
22.842 18
23.055 34
23.267 31
23.480 46
23.693 83
23.905 84
24.118 128
24.331 153
24.543 233
24.756 244
24.969 291
25.181 320
25.394 282
25.607 255
25.819 209
26.032 173
26.245 125
26.457 87
26.670 64
26.883 69
27.095 46
27.308 50
27.521 57
27.733 51
27.946 74
28.159 91
28.371 87
28.584 83
28.797 81
29.009 62
29.222 57
29.435 40
29.647 48
29.860 35
30.072 34
30.285 23
30.498 26
30.710 13
30.923 17
31.136 19
31.348 26
31.561 21
31.774 11
31.986 18
32.199 17
32.412 21
32.624 23
32.837 20
33.050 25
33.262 26
33.475 12
33.688 19
33.900 22
34.113 20
34.326 26
34.538 20
34.751 26
34.964 34
35.176 26
35.389 22
35.602 25
35.814 22
36.027 30
36.240 20
36.452 37
36.665 29
36.878 40
37.090 35
37.303 48
37.516 31
37.728 32
37.941 47
38.154 38
38.366 47
38.579 55
38.792 46
39.004 46
39.217 65
39.430 68
39.642 62
39.855 75
40.068 85
40.280 93
40.493 88
40.706 93
40.918 115
41.131 77
41.344 110
41.556 99
41.769 106
41.982 157
42.194 142
42.407 163
42.620 138
42.832 172
43.045 175
43.258 156
43.470 195
43.683 205
43.895 198
44.108 182
44.321 200
44.533 214
44.746 221
44.959 196
45.171 244
45.384 202
45.597 216
45.809 238
46.022 219
46.235 248
46.447 270
46.660 286
46.873 270
47.085 317
47.298 318
47.511 342
47.723 386
47.936 417
48.149 410
48.361 475
48.574 477
48.787 558
48.999 650
49.212 613
49.425 740
49.637 769
49.850 822
50.063 926
50.275 905
50.488 1010
50.701 1018
50.913 1033
51.126 1135
51.339 1081
51.551 1044
51.764 1146
51.977 1119
52.189 1139
52.402 1109
52.615 1098
52.827 1121
53.040 1177
53.253 1105
53.465 1108
53.678 1150
53.891 1129
54.103 1118
54.316 1112
54.529 1167
54.741 1059
54.954 1031
55.167 1051
55.379 1003
55.592 981
55.805 951
56.017 880
56.230 873
56.443 871
56.655 802
56.868 780
57.081 762
57.293 722
57.506 654
57.719 610
57.931 692
58.144 701
58.356 794
58.569 928
58.782 1061
58.994 1184
59.207 1161
59.420 1158
59.632 1071
59.845 944
60.058 729
60.270 559
60.483 396
60.696 254
60.908 158
61.121 91
61.334 69
61.546 49
61.759 38
61.972 40
62.184 36
62.397 29
62.610 35
62.822 29
63.035 37
63.248 36
63.460 41
63.673 31
63.886 30
64.098 33
64.311 41
64.524 36
64.736 42
64.949 33
65.162 32
65.374 31
65.587 40
65.800 27
66.012 36
66.225 38
66.438 36
66.650 36
66.863 32
67.076 38
67.288 30
67.501 36
67.714 45
67.926 42
68.139 29
68.352 34
68.564 28
68.777 41
68.990 38
69.202 38
69.415 26
69.628 37
69.840 31
70.053 34
70.266 29
70.478 39
70.691 30
70.904 41
71.116 44
71.329 26
71.542 43
71.754 45
71.967 52
72.180 48
72.392 49
72.605 47
72.817 45
73.030 45
73.243 48
73.455 50
73.668 41
73.881 47
74.093 48
74.306 60
74.519 66
74.731 54
74.944 41
75.157 49
75.369 63
75.582 41
75.795 44
76.007 38
76.220 39
76.433 40
76.645 46
76.858 42
77.071 34
77.283 39
77.496 29
77.709 25
77.921 34
78.134 37
78.347 33
78.559 30
78.772 32
78.985 31
79.197 42
79.410 31
79.623 33
79.835 39
80.048 29
80.261 24
80.473 35
80.686 36
80.899 31
81.111 35
81.324 40
81.537 42
81.749 22
81.962 39
82.175 48
82.387 33
82.600 33
82.813 36
83.025 43
83.238 41
83.451 33
83.663 36
83.876 49
84.089 49
84.301 44
84.514 35
