Energy_keV Counts
-0.338 0
-0.125 0
0.087 0
0.300 0
0.513 0
0.725 923
0.938 699
1.150 514
1.363 329
1.576 174
1.788 102
2.001 47
2.214 30
2.426 12
2.639 6
2.852 1
3.064 4
3.277 0
3.490 1
3.702 4
3.915 2
4.128 3
4.340 3
4.553 6
4.766 5
4.978 7
5.191 7
5.404 9
5.616 11
5.829 17
6.042 20
6.254 28
6.467 33
6.680 37
6.892 29
7.105 34
7.318 52
7.530 53
7.743 57
7.956 64
8.168 66
8.381 68
8.594 71
8.806 50
9.019 52
9.232 56
9.444 51
9.657 66
9.870 57
10.082 71
10.295 77
10.508 68
10.720 85
10.933 76
11.146 72
11.358 77
11.571 76
11.784 113
11.996 89
12.209 130
12.422 152
12.634 157
12.847 176
13.060 180
13.272 192
13.485 191
13.698 173
13.910 184
14.123 148
14.336 138
14.548 102
14.761 95
14.974 91
15.186 85
15.399 108
15.611 130
15.824 111
16.037 134
16.249 136
16.462 223
16.675 205
16.887 231
17.100 236
17.313 185
17.525 182
17.738 174
17.951 153
18.163 120
18.376 106
18.589 89
18.801 80
19.014 59
19.227 72
19.439 76
19.652 96
19.865 93
20.077 76
20.290 92
20.503 83
20.715 98
20.928 100
21.141 121
21.353 191
21.566 266
21.779 377
21.991 528
22.204 692
22.417 906
22.629 1037
22.842 1190
23.055 1150
23.267 1137
23.480 995
23.693 798
23.905 626
24.118 515
24.331 356
24.543 270
24.756 230
24.969 243
25.181 262
25.394 288
25.607 335
25.819 384
26.032 356
26.245 353
26.457 307
26.670 266
26.883 196
27.095 175
27.308 114
27.521 75
27.733 60
27.946 33
28.159 24
28.371 23
28.584 18
28.797 17
29.009 27
29.222 25
29.435 27
29.647 32
29.860 24
30.072 20
30.285 22
30.498 14
30.710 23
30.923 22
31.136 23
31.348 20
31.561 30
31.774 21
31.986 21
32.199 21
32.412 25
32.624 26
32.837 37
33.050 28
33.262 15
33.475 18
33.688 18
33.900 28
34.113 22
34.326 22
34.538 24
34.751 33
34.964 19
35.176 33
35.389 24
35.602 29
35.814 28
36.027 39
36.240 31
36.452 38
36.665 24
36.878 30
37.090 39
37.303 42
37.516 50
37.728 46
37.941 46
38.154 58
38.366 64
38.579 76
38.792 70
39.004 70
39.217 83
39.430 65
39.642 79
39.855 91
40.068 86
40.280 98
40.493 109
40.706 101
40.918 133
41.131 104
41.344 145
41.556 142
41.769 159
41.982 171
42.194 165
42.407 167
42.620 194
42.832 173
43.045 213
43.258 224
43.470 245
43.683 251
43.895 229
44.108 226
44.321 230
44.533 272
44.746 257
44.959 268
45.171 266
45.384 269
45.597 280
45.809 281
46.022 241
46.235 296
46.447 285
46.660 364
46.873 343
47.085 330
47.298 399
47.511 404
47.723 448
47.936 469
48.149 506
48.361 530
48.574 607
48.787 673
48.999 756
49.212 838
49.425 886
49.637 908
49.850 950
50.063 1130
50.275 1110
50.488 1123
50.701 1186
50.913 1269
51.126 1194
51.339 1165
51.551 1194
51.764 1245
51.977 1269
52.189 1229
52.402 1299
52.615 1271
52.827 1286
53.040 1255
53.253 1251
53.465 1249
53.678 1157
53.891 1287
54.103 1221
54.316 1239
54.529 1282
54.741 1228
54.954 1183
55.167 1220
55.379 1198
55.592 1264
55.805 1203
56.017 1061
56.230 1078
56.443 1068
56.655 1002
56.868 937
57.081 849
57.293 788
57.506 811
57.719 832
57.931 819
58.144 863
58.356 955
58.569 1102
58.782 1173
58.994 1396
59.207 1458
59.420 1503
59.632 1342
59.845 1119
60.058 979
60.270 750
60.483 481
60.696 351
60.908 218
61.121 141
61.334 82
61.546 66
61.759 54
61.972 39
62.184 42
62.397 43
62.610 30
62.822 37
63.035 35
63.248 28
63.460 44
63.673 44
63.886 39
64.098 46
64.311 32
64.524 44
64.736 32
64.949 34
65.162 53
65.374 46
65.587 35
65.800 42
66.012 42
66.225 35
66.438 44
66.650 26
66.863 46
67.076 42
67.288 39
67.501 44
67.714 34
67.926 44
68.139 33
68.352 42
68.564 35
68.777 38
68.990 26
69.202 39
69.415 45
69.628 44
69.840 36
70.053 52
70.266 37
70.478 47
70.691 39
70.904 36
71.116 46
71.329 50
71.542 53
71.754 49
71.967 52
72.180 47
72.392 62
72.605 67
72.817 60
73.030 60
73.243 50
73.455 44
73.668 66
73.881 62
74.093 68
74.306 61
74.519 70
74.731 66
74.944 71
75.157 69
75.369 70
75.582 60
75.795 59
76.007 47
76.220 45
76.433 58
76.645 51
76.858 40
77.071 56
77.283 52
77.496 43
77.709 51
77.921 42
78.134 61
78.347 53
78.559 34
78.772 40
78.985 55
79.197 44
79.410 44
79.623 52
79.835 42
80.048 43
80.261 53
80.473 49
80.686 51
80.899 37
81.111 43
81.324 51
81.537 44
81.749 45
81.962 42
82.175 49
82.387 38
82.600 43
82.813 51
83.025 37
83.238 45
83.451 46
83.663 63
83.876 47
84.089 55
84.301 49
84.514 49
