Energy_keV Counts
-0.338 0
-0.125 0
0.087 0
0.300 0
0.513 0
0.725 668
0.938 492
1.150 345
1.363 201
1.576 137
1.788 71
2.001 51
2.214 14
2.426 9
2.639 4
2.852 3
3.064 1
3.277 2
3.490 0
3.702 2
3.915 2
4.128 3
4.340 2
4.553 3
4.766 7
4.978 8
5.191 10
5.404 15
5.616 21
5.829 24
6.042 34
6.254 37
6.467 40
6.680 43
6.892 45
7.105 54
7.318 48
7.530 59
7.743 40
7.956 63
8.168 65
8.381 60
8.594 37
8.806 54
9.019 47
9.232 41
9.444 45
9.657 46
9.870 53
10.082 63
10.295 71
10.508 54
10.720 74
10.933 47
11.146 63
11.358 51
11.571 49
11.784 59
11.996 53
12.209 74
12.422 60
12.634 80
12.847 81
13.060 97
13.272 75
13.485 83
13.698 95
13.910 99
14.123 67
14.336 71
14.548 76
14.761 72
14.974 60
15.186 53
15.399 63
15.611 74
15.824 76
16.037 96
16.249 116
16.462 105
16.675 150
16.887 131
17.100 137
17.313 151
17.525 114
17.738 113
17.951 90
18.163 84
18.376 44
18.589 58
18.801 56
19.014 55
19.227 44
19.439 50
19.652 55
19.865 45
20.077 53
20.290 47
20.503 62
20.715 54
20.928 41
21.141 44
21.353 50
21.566 34
21.779 19
21.991 21
22.204 26
22.417 20
22.629 23
22.842 24
23.055 27
23.267 31
23.480 22
23.693 31
23.905 33
24.118 42
24.331 47
24.543 39
24.756 52
24.969 42
25.181 43
25.394 38
25.607 46
25.819 35
26.032 36
26.245 39
26.457 42
26.670 25
26.883 25
27.095 25
27.308 16
27.521 20
27.733 15
27.946 14
28.159 15
28.371 19
28.584 12
28.797 16
29.009 16
29.222 22
29.435 25
29.647 14
29.860 20
30.072 19
30.285 19
30.498 15
30.710 17
30.923 15
31.136 19
31.348 18
31.561 16
31.774 21
31.986 31
32.199 20
32.412 13
32.624 18
32.837 18
33.050 19
33.262 15
33.475 18
33.688 24
33.900 23
34.113 16
34.326 19
34.538 15
34.751 24
34.964 22
35.176 22
35.389 21
35.602 18
35.814 28
36.027 23
36.240 35
36.452 30
36.665 35
36.878 31
37.090 29
37.303 37
37.516 44
37.728 41
37.941 54
38.154 45
38.366 49
38.579 47
38.792 62
39.004 63
39.217 71
39.430 63
39.642 58
39.855 61
40.068 58
40.280 78
40.493 70
40.706 89
40.918 97
41.131 89
41.344 104
41.556 106
41.769 102
41.982 110
42.194 117
42.407 132
42.620 112
42.832 142
43.045 160
43.258 172
43.470 176
43.683 166
43.895 176
44.108 192
44.321 192
44.533 210
44.746 194
44.959 191
45.171 210
45.384 223
45.597 219
45.809 233
46.022 246
46.235 230
46.447 228
46.660 244
46.873 268
47.085 248
47.298 297
47.511 311
47.723 314
47.936 357
48.149 426
48.361 428
48.574 471
48.787 524
48.999 584
49.212 621
49.425 642
49.637 775
49.850 755
50.063 795
50.275 852
50.488 855
50.701 955
50.913 935
51.126 965
51.339 1048
51.551 974
51.764 1026
51.977 1008
52.189 1051
52.402 1030
52.615 1032
52.827 1102
53.040 1102
53.253 1083
53.465 1118
53.678 1110
53.891 1114
54.103 1110
54.316 1085
54.529 1142
54.741 996
54.954 1080
55.167 1077
55.379 1049
55.592 1047
55.805 999
56.017 971
56.230 898
56.443 885
56.655 817
56.868 825
57.081 745
57.293 722
57.506 712
57.719 678
57.931 702
58.144 764
58.356 836
58.569 896
58.782 991
58.994 1126
59.207 1216
59.420 1249
59.632 1147
59.845 961
60.058 784
60.270 568
60.483 408
60.696 272
60.908 159
61.121 97
61.334 72
61.546 51
61.759 37
61.972 28
62.184 35
62.397 30
62.610 26
62.822 26
63.035 34
63.248 23
63.460 26
63.673 32
63.886 37
64.098 34
64.311 23
64.524 32
64.736 30
64.949 34
65.162 34
65.374 49
65.587 38
65.800 30
66.012 41
66.225 30
66.438 32
66.650 35
66.863 32
67.076 44
67.288 28
67.501 39
67.714 28
67.926 30
68.139 28
68.352 37
68.564 39
68.777 40
68.990 33
69.202 32
69.415 24
69.628 31
69.840 32
70.053 31
70.266 27
70.478 32
70.691 33
70.904 42
71.116 49
71.329 36
71.542 42
71.754 37
71.967 42
72.180 55
72.392 47
72.605 50
72.817 47
73.030 35
73.243 53
73.455 43
73.668 44
73.881 44
74.093 48
74.306 43
74.519 47
74.731 43
74.944 50
75.157 46
75.369 45
75.582 44
75.795 45
76.007 40
76.220 31
76.433 38
76.645 29
76.858 32
77.071 48
77.283 45
77.496 28
77.709 35
77.921 52
78.134 23
78.347 47
78.559 34
78.772 43
78.985 39
79.197 33
79.410 26
79.623 43
79.835 32
80.048 33
80.261 26
80.473 40
80.686 40
80.899 32
81.111 39
81.324 41
81.537 47
81.749 35
81.962 36
82.175 30
82.387 32
82.600 38
82.813 34
83.025 35
83.238 46
83.451 43
83.663 33
83.876 43
84.089 46
84.301 49
84.514 40
