Energy_keV Counts
-0.338 0
-0.125 0
0.087 0
0.300 0
0.513 0
0.725 1187
0.938 911
1.150 678
1.363 430
1.576 271
1.788 122
2.001 84
2.214 38
2.426 12
2.639 7
2.852 3
3.064 0
3.277 2
3.490 2
3.702 1
3.915 3
4.128 6
4.340 7
4.553 6
4.766 12
4.978 7
5.191 16
5.404 19
5.616 15
5.829 21
6.042 32
6.254 38
6.467 48
6.680 65
6.892 92
7.105 135
7.318 169
7.530 206
7.743 212
7.956 223
8.168 249
8.381 272
8.594 224
8.806 188
9.019 191
9.232 160
9.444 136
9.657 138
9.870 126
10.082 106
10.295 143
10.508 125
10.720 133
10.933 110
11.146 131
11.358 91
11.571 98
11.784 114
11.996 114
12.209 122
12.422 165
12.634 190
12.847 173
13.060 192
13.272 184
13.485 204
13.698 198
13.910 152
14.123 145
14.336 151
14.548 151
14.761 119
14.974 121
15.186 119
15.399 132
15.611 141
15.824 146
16.037 156
16.249 217
16.462 234
16.675 271
16.887 300
17.100 255
17.313 287
17.525 255
17.738 222
17.951 224
18.163 189
18.376 153
18.589 144
18.801 110
19.014 86
19.227 115
19.439 106
19.652 101
19.865 110
20.077 116
20.290 112
20.503 115
20.715 116
20.928 100
21.141 98
21.353 84
21.566 62
21.779 64
21.991 46
22.204 50
22.417 32
22.629 45
22.842 36
23.055 44
23.267 51
23.480 55
23.693 60
23.905 82
24.118 89
24.331 122
24.543 133
24.756 126
24.969 151
25.181 159
25.394 182
25.607 149
25.819 120
26.032 120
26.245 83
26.457 69
26.670 80
26.883 70
27.095 50
27.308 51
27.521 42
27.733 39
27.946 39
28.159 40
28.371 53
28.584 59
28.797 47
29.009 46
29.222 57
29.435 48
29.647 44
29.860 33
30.072 45
30.285 23
30.498 35
30.710 35
30.923 30
31.136 23
31.348 29
31.561 42
31.774 43
31.986 30
32.199 25
32.412 35
32.624 29
32.837 36
33.050 36
33.262 50
33.475 30
33.688 42
33.900 38
34.113 41
34.326 34
34.538 51
34.751 36
34.964 37
35.176 47
35.389 37
35.602 49
35.814 46
36.027 53
36.240 68
36.452 49
36.665 73
36.878 60
37.090 70
37.303 71
37.516 71
37.728 74
37.941 84
38.154 95
38.366 77
38.579 121
38.792 113
39.004 124
39.217 133
39.430 132
39.642 142
39.855 168
40.068 179
40.280 170
40.493 170
40.706 203
40.918 191
41.131 230
41.344 223
41.556 250
41.769 270
41.982 274
42.194 309
42.407 348
42.620 353
42.832 351
43.045 392
43.258 384
43.470 383
43.683 373
43.895 428
44.108 453
44.321 443
44.533 483
44.746 465
44.959 473
45.171 496
45.384 503
45.597 526
45.809 561
46.022 551
46.235 595
46.447 576
46.660 595
46.873 662
47.085 628
47.298 730
47.511 725
47.723 791
47.936 887
48.149 888
48.361 985
48.574 1032
48.787 1113
48.999 1315
49.212 1439
49.425 1559
49.637 1741
49.850 1826
50.063 1976
50.275 2122
50.488 2213
50.701 2353
50.913 2506
51.126 2580
51.339 2570
51.551 2568
51.764 2648
51.977 2683
52.189 2740
52.402 2707
52.615 2849
52.827 2695
53.040 2657
53.253 2617
53.465 2540
53.678 2442
53.891 2468
54.103 2502
54.316 2366
54.529 2288
54.741 2214
54.954 2092
55.167 2109
55.379 2010
55.592 2024
55.805 1875
56.017 1823
56.230 1661
56.443 1632
56.655 1534
56.868 1394
57.081 1387
57.293 1282
57.506 1265
57.719 1209
57.931 1251
58.144 1308
58.356 1538
58.569 1731
58.782 1900
58.994 2036
59.207 2137
59.420 2096
59.632 1831
59.845 1534
60.058 1132
60.270 881
60.483 635
60.696 441
60.908 250
61.121 174
61.334 122
61.546 83
61.759 80
61.972 62
62.184 57
62.397 59
62.610 73
62.822 63
63.035 49
63.248 70
63.460 68
63.673 71
63.886 76
64.098 61
64.311 54
64.524 57
64.736 72
64.949 43
65.162 48
65.374 57
65.587 63
65.800 48
66.012 73
66.225 48
66.438 58
66.650 49
66.863 79
67.076 66
67.288 53
67.501 54
67.714 58
67.926 62
68.139 62
68.352 74
68.564 52
68.777 51
68.990 64
69.202 60
69.415 68
69.628 63
69.840 73
70.053 61
70.266 57
70.478 78
70.691 67
70.904 70
71.116 73
71.329 51
71.542 85
71.754 69
71.967 76
72.180 90
72.392 79
72.605 75
72.817 80
73.030 65
73.243 88
73.455 75
73.668 83
73.881 74
74.093 107
74.306 99
74.519 85
74.731 81
74.944 104
75.157 105
75.369 86
75.582 71
75.795 59
76.007 63
76.220 75
76.433 75
76.645 75
76.858 60
77.071 72
77.283 75
77.496 65
77.709 62
77.921 56
78.134 67
78.347 74
78.559 70
78.772 79
78.985 66
79.197 68
79.410 74
79.623 66
79.835 63
80.048 78
80.261 64
80.473 52
80.686 74
80.899 57
81.111 64
81.324 79
81.537 66
81.749 56
81.962 74
82.175 67
82.387 67
82.600 64
82.813 69
83.025 52
83.238 67
83.451 67
83.663 72
83.876 59
84.089 72
84.301 65
84.514 85
