Energy_keV Counts
-0.338 0
-0.125 0
0.087 0
0.300 0
0.513 0
0.725 683
0.938 539
1.150 383
1.363 230
1.576 145
1.788 71
2.001 42
2.214 18
2.426 10
2.639 7
2.852 1
3.064 2
3.277 0
3.490 1
3.702 3
3.915 0
4.128 0
4.340 1
4.553 4
4.766 1
4.978 7
5.191 8
5.404 11
5.616 7
5.829 13
6.042 17
6.254 27
6.467 25
6.680 24
6.892 38
7.105 25
7.318 49
7.530 45
7.743 39
7.956 55
8.168 50
8.381 55
8.594 68
8.806 40
9.019 41
9.232 42
9.444 44
9.657 46
9.870 67
10.082 51
10.295 55
10.508 61
10.720 57
10.933 53
11.146 65
11.358 53
11.571 66
11.784 73
11.996 89
12.209 121
12.422 125
12.634 143
12.847 170
13.060 180
13.272 193
13.485 168
13.698 180
13.910 144
14.123 104
14.336 116
14.548 94
14.761 73
14.974 88
15.186 66
15.399 79
15.611 89
15.824 99
16.037 110
16.249 134
16.462 154
16.675 173
16.887 167
17.100 185
17.313 165
17.525 153
17.738 124
17.951 126
18.163 90
18.376 82
18.589 60
18.801 45
19.014 58
19.227 57
19.439 60
19.652 62
19.865 34
20.077 68
20.290 76
20.503 101
20.715 95
20.928 97
21.141 128
21.353 195
21.566 281
21.779 402
21.991 564
22.204 803
22.417 1032
22.629 1245
22.842 1348
23.055 1328
23.267 1321
23.480 1146
23.693 888
23.905 643
24.118 537
24.331 354
24.543 281
24.756 229
24.969 212
25.181 309
25.394 328
25.607 347
25.819 374
26.032 432
26.245 403
26.457 331
26.670 280
26.883 219
27.095 151
27.308 128
27.521 86
27.733 39
27.946 39
28.159 31
28.371 22
28.584 21
28.797 22
29.009 16
29.222 18
29.435 20
29.647 19
29.860 19
30.072 14
30.285 12
30.498 16
30.710 19
30.923 19
31.136 10
31.348 14
31.561 20
31.774 11
31.986 26
32.199 15
32.412 25
32.624 24
32.837 23
33.050 18
33.262 9
33.475 28
33.688 19
33.900 25
34.113 17
34.326 19
34.538 27
34.751 26
34.964 21
35.176 19
35.389 18
35.602 31
35.814 20
36.027 29
36.240 16
36.452 31
36.665 24
36.878 31
37.090 33
37.303 33
37.516 25
37.728 32
37.941 36
38.154 47
38.366 31
38.579 49
38.792 44
39.004 48
39.217 61
39.430 64
39.642 72
39.855 60
40.068 69
40.280 72
40.493 73
40.706 78
40.918 89
41.131 85
41.344 76
41.556 107
41.769 115
41.982 124
42.194 125
42.407 113
42.620 120
42.832 144
43.045 137
43.258 138
43.470 142
43.683 137
43.895 149
44.108 168
44.321 156
44.533 178
44.746 172
44.959 179
45.171 183
45.384 189
45.597 217
45.809 201
46.022 215
46.235 201
46.447 220
46.660 233
46.873 262
47.085 270
47.298 275
47.511 302
47.723 315
47.936 337
48.149 335
48.361 421
48.574 429
48.787 483
48.999 508
49.212 549
49.425 639
49.637 653
49.850 667
50.063 736
50.275 748
50.488 780
50.701 797
50.913 838
51.126 830
51.339 887
51.551 895
51.764 861
51.977 914
52.189 910
52.402 863
52.615 938
52.827 898
53.040 901
53.253 964
53.465 961
53.678 987
53.891 960
54.103 998
54.316 953
54.529 1033
54.741 996
54.954 998
55.167 993
55.379 981
55.592 964
55.805 916
56.017 845
56.230 881
56.443 828
56.655 793
56.868 747
57.081 762
57.293 704
57.506 703
57.719 628
57.931 623
58.144 695
58.356 769
58.569 876
58.782 1021
58.994 1134
59.207 1195
59.420 1188
59.632 1128
59.845 956
60.058 819
60.270 549
60.483 387
60.696 278
60.908 174
61.121 88
61.334 65
61.546 43
61.759 32
61.972 34
62.184 37
62.397 29
62.610 36
62.822 23
63.035 29
63.248 33
63.460 23
63.673 34
63.886 31
64.098 30
64.311 33
64.524 25
64.736 30
64.949 33
65.162 25
65.374 34
65.587 28
65.800 35
66.012 30
66.225 31
66.438 38
66.650 32
66.863 27
67.076 41
67.288 36
67.501 38
67.714 32
67.926 33
68.139 36
68.352 35
68.564 39
68.777 27
68.990 34
69.202 38
69.415 21
69.628 32
69.840 34
70.053 36
70.266 27
70.478 27
70.691 35
70.904 36
71.116 41
71.329 42
71.542 38
71.754 48
71.967 44
72.180 47
72.392 44
72.605 43
72.817 26
73.030 43
73.243 42
73.455 43
73.668 38
73.881 42
74.093 56
74.306 50
74.519 59
74.731 56
74.944 48
75.157 40
75.369 49
75.582 36
75.795 38
76.007 38
76.220 30
76.433 40
76.645 34
76.858 45
77.071 32
77.283 32
77.496 33
77.709 35
77.921 33
78.134 34
78.347 31
78.559 29
78.772 30
78.985 30
79.197 43
79.410 27
79.623 28
79.835 31
80.048 32
80.261 28
80.473 43
80.686 42
80.899 47
81.111 46
81.324 37
81.537 22
81.749 27
81.962 42
82.175 30
82.387 48
82.600 39
82.813 32
83.025 33
83.238 33
83.451 30
83.663 49
83.876 43
84.089 38
84.301 38
84.514 50
