Energy_keV Counts
-0.338 0
-0.125 0
0.087 0
0.300 0
0.513 0
0.725 1710
0.938 1344
1.150 867
1.363 605
1.576 340
1.788 210
2.001 90
2.214 44
2.426 24
2.639 16
2.852 6
3.064 1
3.277 0
3.490 1
3.702 4
3.915 2
4.128 5
4.340 6
4.553 8
4.766 14
4.978 10
5.191 16
5.404 22
5.616 24
5.829 27
6.042 34
6.254 46
6.467 68
6.680 77
6.892 72
7.105 128
7.318 144
7.530 185
7.743 233
7.956 267
8.168 262
8.381 317
8.594 294
8.806 317
9.019 259
9.232 234
9.444 211
9.657 196
9.870 167
10.082 164
10.295 179
10.508 170
10.720 174
10.933 166
11.146 179
11.358 148
11.571 197
11.784 223
11.996 222
12.209 230
12.422 205
12.634 256
12.847 266
13.060 245
13.272 272
13.485 271
13.698 251
13.910 252
14.123 217
14.336 202
14.548 192
14.761 201
14.974 152
15.186 135
15.399 137
15.611 145
15.824 162
16.037 226
16.249 225
16.462 257
16.675 285
16.887 331
17.100 336
17.313 361
17.525 358
17.738 283
17.951 265
18.163 212
18.376 195
18.589 146
18.801 144
19.014 121
19.227 93
19.439 110
19.652 144
19.865 145
20.077 138
20.290 181
20.503 237
20.715 329
20.928 504
21.141 641
21.353 904
21.566 1071
21.779 1262
21.991 1511
22.204 1433
22.417 1404
22.629 1271
22.842 983
23.055 825
23.267 577
23.480 407
23.693 363
23.905 301
24.118 332
24.331 364
24.543 450
24.756 498
24.969 515
25.181 451
25.394 468
25.607 405
25.819 355
26.032 240
26.245 220
26.457 168
26.670 104
26.883 91
27.095 55
27.308 52
27.521 46
27.733 44
27.946 36
28.159 39
28.371 32
28.584 33
28.797 46
29.009 31
29.222 33
29.435 36
29.647 42
29.860 38
30.072 37
30.285 42
30.498 30
30.710 37
30.923 38
31.136 43
31.348 47
31.561 39
31.774 35
31.986 40
32.199 47
32.412 46
32.624 41
32.837 34
33.050 37
33.262 37
33.475 46
33.688 50
33.900 56
34.113 43
34.326 43
34.538 38
34.751 33
34.964 45
35.176 38
35.389 54
35.602 45
35.814 69
36.027 64
36.240 57
36.452 75
36.665 80
36.878 73
37.090 79
37.303 79
37.516 93
37.728 78
37.941 90
38.154 106
38.366 120
38.579 103
38.792 122
39.004 133
39.217 133
39.430 140
39.642 139
39.855 166
40.068 151
40.280 165
40.493 180
40.706 214
40.918 231
41.131 200
41.344 232
41.556 266
41.769 260
41.982 285
42.194 285
42.407 337
42.620 295
42.832 342
43.045 346
43.258 337
43.470 327
43.683 364
43.895 367
44.108 391
44.321 399
44.533 420
44.746 464
44.959 465
45.171 471
45.384 459
45.597 471
45.809 502
46.022 518
46.235 521
46.447 540
46.660 580
46.873 624
47.085 618
47.298 648
47.511 724
47.723 766
47.936 814
48.149 889
48.361 969
48.574 1091
48.787 1154
48.999 1233
49.212 1299
49.425 1463
49.637 1579
49.850 1707
50.063 1752
50.275 1883
50.488 1988
50.701 2107
50.913 2169
51.126 2193
51.339 2178
51.551 2237
51.764 2197
51.977 2265
52.189 2258
52.402 2197
52.615 2180
52.827 2198
53.040 2215
53.253 2214
53.465 2240
53.678 2295
53.891 2394
54.103 2393
54.316 2303
54.529 2301
54.741 2299
54.954 2210
55.167 2214
55.379 2197
55.592 2099
55.805 2077
56.017 2010
56.230 1948
56.443 1874
56.655 1810
56.868 1726
57.081 1597
57.293 1507
57.506 1455
57.719 1349
57.931 1503
58.144 1577
58.356 1680
58.569 1992
58.782 2190
58.994 2523
59.207 2675
59.420 2652
59.632 2398
59.845 2131
60.058 1694
60.270 1300
60.483 875
60.696 571
60.908 384
61.121 237
61.334 151
61.546 107
61.759 83
61.972 63
62.184 62
62.397 79
62.610 77
62.822 70
63.035 78
63.248 65
63.460 65
63.673 65
63.886 73
64.098 73
64.311 72
64.524 67
64.736 60
64.949 72
65.162 71
65.374 74
65.587 61
65.800 74
66.012 70
66.225 67
66.438 79
66.650 72
66.863 81
67.076 74
67.288 68
67.501 79
67.714 63
67.926 83
68.139 76
68.352 79
68.564 85
68.777 67
68.990 83
69.202 68
69.415 86
69.628 80
69.840 81
70.053 57
70.266 71
70.478 72
70.691 73
70.904 70
71.116 82
71.329 87
71.542 81
71.754 90
71.967 90
72.180 111
72.392 98
72.605 111
72.817 100
73.030 103
73.243 96
73.455 77
73.668 104
73.881 100
74.093 106
74.306 105
74.519 101
74.731 107
74.944 121
75.157 97
75.369 105
75.582 111
75.795 98
76.007 101
76.220 73
76.433 86
76.645 93
76.858 96
77.071 101
77.283 93
77.496 82
77.709 82
77.921 73
78.134 87
78.347 87
78.559 95
78.772 84
78.985 80
79.197 87
79.410 74
79.623 69
79.835 65
80.048 75
80.261 89
80.473 76
80.686 68
80.899 83
81.111 73
81.324 81
81.537 83
81.749 80
81.962 90
82.175 74
82.387 87
82.600 84
82.813 102
83.025 64
83.238 83
83.451 94
83.663 102
83.876 93
84.089 125
84.301 102
84.514 80
