Energy_keV Counts
-0.338 0
-0.125 0
0.087 0
0.300 0
0.513 0
0.725 828
0.938 609
1.150 412
1.363 289
1.576 181
1.788 86
2.001 47
2.214 17
2.426 11
2.639 3
2.852 3
3.064 0
3.277 2
3.490 4
3.702 0
3.915 5
4.128 3
4.340 8
4.553 13
4.766 22
4.978 25
5.191 29
5.404 37
5.616 36
5.829 47
6.042 42
6.254 65
6.467 57
6.680 59
6.892 61
7.105 57
7.318 60
7.530 66
7.743 72
7.956 78
8.168 74
8.381 72
8.594 75
8.806 62
9.019 58
9.232 49
9.444 62
9.657 56
9.870 59
10.082 68
10.295 61
10.508 66
10.720 66
10.933 70
11.146 75
11.358 64
11.571 60
11.784 59
11.996 70
12.209 73
12.422 80
12.634 92
12.847 82
13.060 122
13.272 115
13.485 129
13.698 142
13.910 143
14.123 182
14.336 253
14.548 268
14.761 389
14.974 525
15.186 669
15.399 852
15.611 946
15.824 1045
16.037 1023
16.249 932
16.462 838
16.675 673
16.887 551
17.100 522
17.313 450
17.525 466
17.738 395
17.951 358
18.163 293
18.376 288
18.589 221
18.801 136
19.014 101
19.227 73
19.439 62
19.652 70
19.865 69
20.077 64
20.290 65
20.503 58
20.715 62
20.928 39
21.141 38
21.353 37
21.566 39
21.779 31
21.991 22
22.204 28
22.417 23
22.629 21
22.842 18
23.055 22
23.267 27
23.480 31
23.693 36
23.905 30
24.118 48
24.331 38
24.543 54
24.756 43
24.969 45
25.181 52
25.394 55
25.607 41
25.819 51
26.032 43
26.245 36
26.457 38
26.670 33
26.883 27
27.095 25
27.308 22
27.521 20
27.733 25
27.946 21
28.159 16
28.371 21
28.584 17
28.797 19
29.009 12
29.222 13
29.435 20
29.647 17
29.860 7
30.072 25
30.285 16
30.498 21
30.710 16
30.923 19
31.136 15
31.348 21
31.561 22
31.774 21
31.986 18
32.199 19
32.412 20
32.624 21
32.837 25
33.050 21
33.262 16
33.475 21
33.688 18
33.900 20
34.113 15
34.326 29
34.538 29
34.751 20
34.964 18
35.176 22
35.389 19
35.602 20
35.814 29
36.027 22
36.240 14
36.452 36
36.665 22
36.878 24
37.090 42
37.303 38
37.516 32
37.728 49
37.941 34
38.154 40
38.366 43
38.579 41
38.792 51
39.004 52
39.217 65
39.430 73
39.642 67
39.855 73
40.068 101
40.280 80
40.493 109
40.706 104
40.918 82
41.131 97
41.344 115
41.556 120
41.769 125
41.982 149
42.194 128
42.407 163
42.620 163
42.832 156
43.045 155
43.258 173
43.470 176
43.683 181
43.895 204
44.108 183
44.321 189
44.533 181
44.746 210
44.959 194
45.171 205
45.384 223
45.597 223
45.809 209
46.022 235
46.235 231
46.447 272
46.660 259
46.873 254
47.085 300
47.298 320
47.511 349
47.723 376
47.936 390
48.149 418
48.361 450
48.574 486
48.787 554
48.999 603
49.212 622
49.425 679
49.637 791
49.850 810
50.063 812
50.275 924
50.488 894
50.701 955
50.913 910
51.126 983
51.339 1024
51.551 1041
51.764 1064
51.977 1104
52.189 1038
52.402 1008
52.615 1056
52.827 1091
53.040 1071
53.253 1076
53.465 1156
53.678 1101
53.891 1102
54.103 1083
54.316 1089
54.529 1126
54.741 1104
54.954 1056
55.167 1088
55.379 1067
55.592 998
55.805 938
56.017 942
56.230 848
56.443 890
56.655 841
56.868 740
57.081 709
57.293 736
57.506 701
57.719 704
57.931 729
58.144 771
58.356 831
58.569 966
58.782 1016
58.994 1199
59.207 1258
59.420 1211
59.632 1159
59.845 996
60.058 805
60.270 640
60.483 463
60.696 284
60.908 182
61.121 89
61.334 72
61.546 60
61.759 35
61.972 37
62.184 33
62.397 39
62.610 31
62.822 25
63.035 27
63.248 33
63.460 34
63.673 31
63.886 39
64.098 43
64.311 33
64.524 38
64.736 34
64.949 36
65.162 43
65.374 30
65.587 34
65.800 36
66.012 35
66.225 39
66.438 42
66.650 29
66.863 35
67.076 18
67.288 38
67.501 31
67.714 42
67.926 36
68.139 34
68.352 27
68.564 45
68.777 25
68.990 39
69.202 41
69.415 32
69.628 28
69.840 36
70.053 31
70.266 33
70.478 38
70.691 32
70.904 32
71.116 42
71.329 34
71.542 44
71.754 39
71.967 59
72.180 36
72.392 38
72.605 54
72.817 37
73.030 45
73.243 38
73.455 41
73.668 39
73.881 40
74.093 53
74.306 63
74.519 42
74.731 50
74.944 46
75.157 45
75.369 50
75.582 45
75.795 34
76.007 42
76.220 36
76.433 34
76.645 41
76.858 49
77.071 32
77.283 37
77.496 51
77.709 29
77.921 47
78.134 43
78.347 40
78.559 33
78.772 35
78.985 43
79.197 34
79.410 36
79.623 26
79.835 40
80.048 29
80.261 36
80.473 40
80.686 31
80.899 51
81.111 35
81.324 42
81.537 47
81.749 40
81.962 38
82.175 30
82.387 54
82.600 34
82.813 40
83.025 40
83.238 34
83.451 37
83.663 56
83.876 48
84.089 44
84.301 43
84.514 49
